(224, 224, 3, 11720)
normMean = [0.76303804, 0.54694057, 0.57165635]
normStd = [0.14156434, 0.15333284, 0.17053322]
